   7.0000000e+00
   1.1000000e+01
   1.9000000e+01
   2.4000000e+01
   3.1000000e+01
   3.5000000e+01
   3.9000000e+01
   4.2000000e+01
   4.8000000e+01
   5.5000000e+01
   6.5000000e+01
   7.1000000e+01
   7.3000000e+01
   7.6000000e+01
   7.8000000e+01
   6.0000000e+00
   1.0000000e+01
   1.8000000e+01
   2.3000000e+01
   3.0000000e+01
   3.4000000e+01
   3.8000000e+01
   4.1000000e+01
   4.7000000e+01
   5.4000000e+01
   6.4000000e+01
   7.0000000e+01
   7.2000000e+01
   7.5000000e+01
   5.8000000e+01
   0.0000000e+00
   1.4285714e+01
   2.8571429e+01
   4.2857143e+01
   5.7142857e+01
   7.1428571e+01
   8.5714286e+01
   1.0000000e+02
   1.1428571e+02
   1.2857143e+02
   1.4285714e+02
   1.5714286e+02
   1.7142857e+02
   1.8571429e+02
   2.0000000e+02
   0.0000000e+00
   1.4285714e+01
   2.8571429e+01
   4.2857143e+01
   5.7142857e+01
   7.1428571e+01
   8.5714286e+01
   1.0000000e+02
   1.1428571e+02
   1.2857143e+02
   1.4285714e+02
   1.5714286e+02
   1.7142857e+02
   1.8571429e+02
   2.0000000e+02
